CAMERA
RESO 800 800
EYEP 0 0 10
VDIR 0 0 -1
UVEC 0 1 0
FOVY 20

LIGHT
LPOS 2 1 0
LCOL 1 1 1

ROPE rope1
DIM 20 20 20
SCALE 6 6 6
RGB 1 1 1

grid

2809.875 1519.663 1125.961
2809.875 1519.663 1125.961
2809.875 1519.663 1125.961
2809.875 1519.663 1125.961
2809.875 1519.663 1125.961
2809.875 1519.663 1125.961
2809.875 1507.538 1127.694
2809.875 1463.689 1124.137
2809.875 1448.366 1123.397
2809.875 1426.874 1122.255
2809.875 1402.178 1117.699
2809.875 1394.513 1101.435
2809.875 1380.080 1085.288
2809.875 1365.373 1069.201
2809.875 1340.204 1041.523
2809.875 1330.140 1032.588
2809.875 1318.491 1021.430
2809.875 1310.124 1002.525
2809.875 1300.236 978.516
2809.875 1286.869 954.235
2809.875 1278.493 931.761
2809.875 1278.158 921.854
2809.875 1277.491 903.752
2809.875 1276.500 879.210
2809.875 1277.239 851.593
2809.875 1285.386 819.460
2809.875 1295.759 789.323
2809.875 1311.779 756.057
2809.875 1334.561 725.595
2809.875 1370.104 695.044
2809.875 1398.099 672.594
2809.875 1444.978 651.212
2809.875 1465.402 643.746
2809.875 1496.134 630.496
2809.875 1533.806 618.583
2809.875 1565.844 615.965
2809.875 1588.191 604.494
2809.875 1618.316 603.808
2809.875 1673.534 601.154
2809.875 1720.099 607.330
2809.875 1747.837 614.588
2809.875 1769.100 642.269
2809.875 1791.579 651.922
2809.875 1806.898 663.698
2809.875 1840.620 688.587
2809.875 1866.971 720.714
2809.875 1896.984 752.382
2809.875 1926.041 791.077
2809.875 1938.733 810.102
2809.875 1948.513 831.272
2809.875 1951.332 850.008
2809.875 1959.807 876.471
2809.875 1961.552 900.626
2809.875 1962.702 919.688
2809.875 1964.569 944.170
2809.875 1965.861 960.024
2809.875 1964.633 970.497
2809.875 1955.393 987.070
2809.875 1939.375 1004.475
2809.875 1924.200 1025.641
2809.875 1911.409 1030.884
2809.875 1905.876 1034.143
2809.875 1879.855 1050.624
2809.875 1849.999 1068.312
2809.875 1828.471 1065.462
2809.875 1820.121 1066.247
2809.875 1808.893 1072.389
2809.875 1784.048 1071.340
2809.875 1763.058 1075.672
2809.875 1761.275 1075.627
2809.875 1749.525 1076.415
2809.875 1729.309 1081.126
2809.875 1721.189 1080.294
2809.875 1714.854 1079.508
2809.875 1706.022 1081.097
2809.875 1671.734 1086.197
2809.875 1659.904 1091.908
2809.875 1656.402 1093.622
2809.875 1641.126 1101.096
2809.875 1625.903 1108.621
2809.875 1612.470 1114.449
2809.875 1602.830 1115.528
2809.875 1584.257 1124.942
2809.875 1558.257 1139.214
2809.875 1537.873 1153.220
2809.875 1526.619 1154.461
2809.875 1503.967 1161.874
2809.875 1486.569 1167.517
2809.875 1486.569 1167.517
2809.875 1484.841 1167.557
2809.875 1477.109 1167.068
2809.875 1471.111 1166.548
2809.875 1471.111 1166.548
2809.875 1471.087 1163.012
2809.875 1469.789 1148.510
2809.875 1469.779 1146.752
2809.875 1469.130 1137.785
2809.875 1468.489 1128.850
2809.875 1469.568 1119.903
2809.875 1474.930 1109.777
2809.875 1475.406 1093.807
2809.875 1487.626 1087.079
2809.875 1516.871 1094.227
2809.875 1538.675 1119.012
2809.875 1545.407 1128.540
2809.875 1546.081 1139.270
2809.875 1547.439 1157.321
2809.875 1548.804 1171.945
2809.875 1545.321 1171.986
2809.875 1527.966 1170.830
2809.875 1506.326 1163.822
2809.875 1492.285 1135.697
2809.875 1488.660 1112.479
2809.875 1482.020 1101.383
2809.875 1487.623 1085.353
2809.875 1516.241 1080.245
2809.875 1536.123 1088.754
2809.875 1541.293 1119.635
2809.875 1529.820 1129.163
2809.875 1529.402 1143.629
2809.875 1516.440 1144.915
2809.875 1492.969 1149.950
2809.875 1492.969 1149.950
2809.875 1492.960 1148.190
2809.875 1492.293 1137.452
2809.875 1497.877 1121.193
2809.875 1523.101 1116.175
2809.875 1529.156 1116.738
2809.875 1529.156 1116.738
2809.875 1529.156 1116.738
2809.875 1529.156 1116.738
2809.875 1527.432 1116.761
